[gd_scene load_steps=2 format=3 uid="uid://l6fosnvpo1jr"]

[ext_resource type="PackedScene" uid="uid://bhgl86xqnr2pw" path="res://assets/KayKit_Adventurers_1.0_FREE/Characters/fbx/Rogue.fbx" id="1_0vayk"]

[node name="RogueGraphics" instance=ExtResource("1_0vayk")]

[node name="Skeleton3D" parent="Rig" index="0"]
bones/1/position = Vector3(-2.36658e-30, 0.392064, 0)
bones/1/rotation = Quaternion(-1.11128e-10, 0.0431578, 2.57241e-09, 0.999068)
bones/2/position = Vector3(-7.75391e-29, 0.191978, -1.44121e-15)
bones/2/rotation = Quaternion(5.34989e-15, 1.3312e-30, -2.498e-16, 1)
bones/3/position = Vector3(-5.63459e-29, 0.374988, 3.14044e-15)
bones/3/rotation = Quaternion(6.93889e-18, -1.79843e-41, -2.22045e-16, 1)
bones/5/position = Vector3(0.212007, 0.134132, 8.33072e-08)
bones/5/rotation = Quaternion(-0.559906, -0.0608803, -0.643974, 0.517779)
bones/5/scale = Vector3(1, 1, 1)
bones/6/position = Vector3(6.90908e-10, 0.241897, -9.01138e-10)
bones/6/rotation = Quaternion(-6.42991e-09, -1.92897e-08, -0.494719, 0.869053)
bones/6/scale = Vector3(1, 1, 1)
bones/7/position = Vector3(6.00365e-09, 0.260044, 6.05823e-10)
bones/7/rotation = Quaternion(1.0654e-09, -2.67436e-10, 0.0266581, 0.999645)
bones/7/scale = Vector3(1, 1, 1)
bones/8/position = Vector3(-3.67125e-09, 0.0738259, 0)
bones/8/rotation = Quaternion(-0.321065, -0.325319, 0.145726, 0.87741)
bones/9/position = Vector3(1.43316e-08, 0.0961252, -0.0575)
bones/9/rotation = Quaternion(-8.92696e-09, 1.21465e-08, -0.707107, 0.707107)
bones/11/position = Vector3(-0.212007, 0.134132, 8.88951e-08)
bones/11/rotation = Quaternion(-0.618244, 0.0807287, 0.618011, 0.478873)
bones/11/scale = Vector3(1, 1, 1)
bones/12/position = Vector3(-6.90901e-10, 0.241897, -9.01138e-10)
bones/12/rotation = Quaternion(-8.70987e-09, 5.00818e-08, 0.517939, 0.855417)
bones/12/scale = Vector3(1, 1, 1)
bones/13/position = Vector3(-6.00365e-09, 0.260044, 6.05823e-10)
bones/13/rotation = Quaternion(1.0654e-09, 2.67436e-10, -0.0266581, 0.999645)
bones/13/scale = Vector3(1, 1, 1)
bones/14/position = Vector3(3.67125e-09, 0.0738259, 0)
bones/14/rotation = Quaternion(-0.319291, 0.300524, -0.22735, 0.869512)
bones/15/position = Vector3(-2.08809e-09, 0.0961252, -0.0575001)
bones/15/rotation = Quaternion(-1.41953e-08, -1.74148e-08, 0.707107, 0.707107)
bones/20/position = Vector3(-6.3115e-30, 0.268797, 4.44132e-16)
bones/20/rotation = Quaternion(-5.8066e-11, -0.0313416, -1.88012e-09, 0.999509)
bones/21/position = Vector3(0.170945, 0.113587, 1.18263e-08)
bones/21/rotation = Quaternion(0.996185, 0.0479136, 0.0566427, -0.0459387)
bones/21/scale = Vector3(1, 1, 1)
bones/22/position = Vector3(1.49012e-08, 0.227077, -9.15641e-10)
bones/22/rotation = Quaternion(0.165015, 6.3502e-08, -1.10302e-07, 0.986291)
bones/22/scale = Vector3(1, 1, 1)
bones/23/position = Vector3(-2.98023e-08, 0.149437, -3.9265e-09)
bones/23/rotation = Quaternion(-0.533729, -0.260895, -1.71586e-05, 0.804405)
bones/23/scale = Vector3(1, 1, 1)
bones/24/position = Vector3(2.98023e-08, 0.16565, 1.51573e-08)
bones/24/rotation = Quaternion(5.66916e-09, 0.920355, -0.391084, 1.42272e-07)
bones/24/scale = Vector3(1, 1, 1)
bones/25/position = Vector3(-0.170945, 0.113587, 1.74142e-08)
bones/25/rotation = Quaternion(0.997322, -0.0294574, 0.0315293, 0.0590486)
bones/25/scale = Vector3(1, 1, 1)
bones/26/position = Vector3(-1.49012e-08, 0.227077, -9.15641e-10)
bones/26/rotation = Quaternion(0.274009, -6.33082e-08, 1.89985e-07, 0.961727)
bones/26/scale = Vector3(1, 1, 1)
bones/27/position = Vector3(2.98023e-08, 0.149437, -3.9265e-09)
bones/27/rotation = Quaternion(-0.55904, 0.114513, -0.00862758, 0.82115)
bones/27/scale = Vector3(1, 1, 1)
bones/28/position = Vector3(-2.98023e-08, 0.16565, 1.51573e-08)
bones/28/rotation = Quaternion(-3.18979e-09, 0.920355, -0.391084, -1.43326e-07)
bones/28/scale = Vector3(1, 1, 1)
bones/29/rotation = Quaternion(0.707107, -2.29302e-07, -4.60551e-08, 0.707107)
bones/29/scale = Vector3(1, 1, 1)
bones/30/position = Vector3(0.213918, 0.0259903, 0.173866)
bones/30/rotation = Quaternion(-0.705092, 0.0533355, 0.0533355, 0.705092)
bones/30/scale = Vector3(1, 1, 1)
bones/31/position = Vector3(-1.79308e-09, 0.362833, -2.17783e-08)
bones/31/rotation = Quaternion(9.65792e-09, 1.77955e-09, 0.985719, -0.168398)
bones/32/position = Vector3(-4.62254e-09, 0.213436, 4.99399e-09)
bones/32/rotation = Quaternion(-1.28929e-07, 0.391084, 0.920355, -8.98959e-08)
bones/33/position = Vector3(2.27081e-09, 0.16565, 0)
bones/33/rotation = Quaternion(-0.391084, -6.885e-08, -6.56288e-08, 0.920355)
bones/33/scale = Vector3(1, 1, 1)
bones/34/position = Vector3(-1.49012e-08, 0.16565, 1.60484e-08)
bones/34/rotation = Quaternion(1, -3.19914e-14, 1.94707e-07, 0)
bones/35/position = Vector3(0, 2.44249e-15, -2.04891e-08)
bones/35/rotation = Quaternion(5.8601e-08, -1.20819e-15, -1.94669e-08, 1)
bones/36/scale = Vector3(1, 1, 1)
bones/37/rotation = Quaternion(-0.707107, -7.05285e-08, -7.05285e-08, 0.707107)
bones/37/scale = Vector3(1, 1, 1)
bones/38/rotation = Quaternion(-5.83589e-09, 6.43837e-10, 0.994809, 0.101756)
bones/39/position = Vector3(1.31306e-08, 0.213436, 1.7969e-09)
bones/39/rotation = Quaternion(-1.27811e-07, 0.391084, 0.920355, -9.03709e-08)
bones/40/position = Vector3(2.55539e-08, 0.16565, 8.3819e-09)
bones/40/rotation = Quaternion(-0.391084, -6.885e-08, -6.56288e-08, 0.920355)
bones/40/scale = Vector3(1, 1, 1)
bones/41/position = Vector3(1.49012e-08, 0.16565, 1.73893e-08)
bones/41/rotation = Quaternion(1, -3.19914e-14, 1.94707e-07, 0)
bones/42/position = Vector3(0, 2.44249e-15, -2.04891e-08)
bones/42/rotation = Quaternion(5.8601e-08, -1.20819e-15, -1.94669e-08, 1)
bones/43/rotation = Quaternion(-0.707107, -7.27951e-08, -7.27951e-08, 0.707107)
bones/44/position = Vector3(0.520841, 0.788312, -0.0576374)
bones/44/rotation = Quaternion(-0.794627, 1.2666e-07, -0.607098, 3.72529e-09)
bones/44/scale = Vector3(1, 1, 1)
bones/45/rotation = Quaternion(-0.707107, -7.27951e-08, -7.27951e-08, 0.707107)
bones/46/position = Vector3(-0.510844, 0.788312, 0.0597369)
bones/46/rotation = Quaternion(-0.758253, -1.52737e-07, 0.651961, 2.98023e-08)
bones/46/scale = Vector3(1, 1, 1)

[node name="Rogue_Cape" parent="Rig/Skeleton3D" index="0"]
transform = Transform3D(0.996275, -1.38015e-09, 0.0862353, 1.36097e-09, 1, 2.81247e-10, -0.0862353, -1.62828e-10, 0.996275, -4.17227e-09, 1.20227, -5.25531e-08)
bone_idx = 4

[node name="Knife_Offhand" parent="Rig/Skeleton3D" index="1"]
transform = Transform3D(4.81711e-07, 0.262863, 0.964833, 1, -7.99871e-07, -2.98023e-07, 6.64061e-07, 0.964833, -0.262863, 0.507764, 0.636705, -0.0185359)
bone_idx = 10

[node name="Knife_Offhand" parent="Rig/Skeleton3D/Knife_Offhand" index="0"]
visible = false

[node name="1H_Crossbow" parent="Rig/Skeleton3D" index="2"]
transform = Transform3D(2.41294e-07, -0.149895, -0.988702, -1, 4.18056e-07, -2.38419e-07, 5.9484e-07, 0.988702, -0.149895, -0.489506, 0.745658, 0.0963394)
bone_idx = 16

[node name="1H_Crossbow" parent="Rig/Skeleton3D/1H_Crossbow" index="0"]
visible = false

[node name="Throwable" parent="Rig/Skeleton3D" index="3"]
transform = Transform3D(2.41294e-07, -0.149895, -0.988702, -1, 4.18056e-07, -2.38419e-07, 5.9484e-07, 0.988702, -0.149895, -0.518077, 0.64103, 0.284791)
bone_idx = 17

[node name="Throwable" parent="Rig/Skeleton3D/Throwable" index="0"]
visible = false

[node name="Knife" parent="Rig/Skeleton3D" index="4"]
transform = Transform3D(2.41294e-07, -0.149895, -0.988702, -1, 4.18056e-07, -2.38419e-07, 5.9484e-07, 0.988702, -0.149895, -0.491059, 0.64103, 0.106581)
bone_idx = 18

[node name="Knife" parent="Rig/Skeleton3D/Knife" index="0"]
visible = false

[node name="2H_Crossbow" parent="Rig/Skeleton3D" index="5"]
transform = Transform3D(2.41294e-07, -0.149895, -0.988702, -1, 4.18056e-07, -2.38419e-07, 5.9484e-07, 0.988702, -0.149895, -0.489506, 0.745658, 0.0963394)
bone_idx = 19

[node name="2H_Crossbow" parent="Rig/Skeleton3D/2H_Crossbow" index="0"]
visible = false
